{
  "root_folder": "/home/sprout/Desktop/**jiwoo/rb-calibration-marker-experiment/data/session",
  "gripper_cam_idx": 2,
  "n_fixed_cams": 3,
  "n_gripper_cams": 1,
  "cam_indices": [
    0,
    1,
    2,
    3
  ],
  "cube_config_source": "config_py:CubeConfig",
  "cube_config": {
    "cube_side_m": 0.059,
    "marker_size_m": 0.051,
    "marker_size_by_id": {
      "0": 0.025,
      "1": 0.025,
      "2": 0.051,
      "3": 0.051,
      "4": 0.051,
      "5": 0.051
    },
    "marker_center_m": {
      "0": [
        0.0,
        -0.014,
        0.0295
      ],
      "1": [
        0.0,
        0.014,
        0.0295
      ],
      "2": [
        0.0295,
        0.0,
        -0.001
      ],
      "3": [
        0.0,
        0.0295,
        -0.001
      ],
      "4": [
        -0.0295,
        0.0,
        -0.001
      ],
      "5": [
        0.0,
        -0.0295,
        -0.001
      ]
    },
    "marker_inset_m": 0.0,
    "dictionary_name": "DICT_APRILTAG_36h11",
    "marker_ids": [
      0,
      1,
      2,
      3,
      4,
      5
    ],
    "id_to_face": {
      "0": "+Z",
      "1": "+Z",
      "2": "+X",
      "3": "+Y",
      "4": "-X",
      "5": "-Y"
    },
    "corner_reorder": {
      "0": [
        0,
        1,
        2,
        3
      ],
      "1": [
        0,
        1,
        2,
        3
      ],
      "2": [
        0,
        1,
        2,
        3
      ],
      "3": [
        0,
        1,
        2,
        3
      ],
      "4": [
        0,
        1,
        2,
        3
      ],
      "5": [
        0,
        1,
        2,
        3
      ]
    },
    "face_roll_deg": {
      "0": 0.0,
      "1": 0.0,
      "2": 0.0,
      "3": 0.0,
      "4": 0.0,
      "5": 0.0
    },
    "marker_pose_4x4": {}
  },
  "captures": [
    {
      "event_id": 0,
      "capture_index": 0,
      "capture_span_ms": 18.818115234375,
      "capture_gate": {
        "pass": false,
        "status": "FAIL",
        "reason": "cube_pnp-ok cams 0 < required 2 | fixed cube_pnp-ok cams 0 < required 1 | gripper cube_pnp missing | gripper charuco corners 0 < required 8",
        "reasons": [
          "cube_pnp-ok cams 0 < required 2",
          "fixed cube_pnp-ok cams 0 < required 1",
          "gripper cube_pnp missing",
          "gripper charuco corners 0 < required 8"
        ],
        "cams_with_cube": 3,
        "min_cams_with_cube": 2,
        "capture_span_ms": 18.818115234375,
        "max_capture_span_ms": 120.0,
        "fixed_visible_cams": 3,
        "min_fixed_cams_with_cube": 1,
        "cube_pnp_ok_cams": 0,
        "min_cube_pnp_ok_cams": 2,
        "fixed_cube_pnp_ok_cams": 0,
        "min_fixed_cube_pnp_ok_cams": 1,
        "depth_valid_cams": 0,
        "fixed_depth_valid_cams": 0,
        "gripper_markers": 0,
        "gripper_charuco_corners": 0,
        "min_gripper_charuco_corners": 8,
        "gripper_cube_pnp_ok": false,
        "gripper_depth_valid": false,
        "gripper_depth_plane_mean_mm": null,
        "per_camera": {
          "0": {
            "n_markers": 2,
            "cube_visible": true,
            "cube_pnp_ok": false,
            "depth_valid": false
          },
          "1": {
            "n_markers": 2,
            "cube_visible": true,
            "cube_pnp_ok": false,
            "depth_valid": false
          },
          "2": {
            "n_markers": 0,
            "cube_visible": false,
            "cube_pnp_ok": false,
            "depth_valid": false
          },
          "3": {
            "n_markers": 2,
            "cube_visible": true,
            "cube_pnp_ok": false,
            "depth_valid": false
          }
        }
      },
      "cams": {
        "0": {
          "saved": true,
          "is_gripper": false,
          "rgb_path": "cam0/rgb_00000.jpg",
          "depth_path": "cam0/depth_00000.png",
          "ts_ms": 1783075226404.1958,
          "n_markers_detected": 2,
          "marker_ids": [
            2,
            5
          ],
          "cube_visible": true,
          "markers": [
            {
              "marker_id": 2,
              "face": "+X",
              "corners_2d": [
                [
                  209.0,
                  238.0
                ],
                [
                  169.0,
                  215.0
                ],
                [
                  184.0,
                  174.0
                ],
                [
                  222.0,
                  198.0
                ]
              ],
              "aspect_ratio": 0.9115407247462383,
              "rvec": [
                2.4237985042090395,
                0.003712164564238547,
                -1.0542060194231446
              ],
              "tvec": [
                -0.15933648303808537,
                -0.05004601982105928,
                0.6493431816757227
              ],
              "reproj_error_mean_px": 0.016343303145632843,
              "reproj_error_max_px": 0.02464468764638573,
              "T_cam_cube_4x4": [
                [
                  0.7011952797957095,
                  0.19309632784689618,
                  -0.6863228014311205,
                  -0.15933648303808537
                ],
                [
                  -0.18825811673134185,
                  -0.8783173138713617,
                  -0.43945145083224435,
                  -0.05004601982105928
                ],
                [
                  -0.6876656608243468,
                  0.4373471210901473,
                  -0.5795200036212507,
                  0.6493431816757227
                ],
                [
                  0.0,
                  0.0,
                  0.0,
                  1.0
                ]
              ],
              "selected_solution_index": 0,
              "pose_candidates": [
                {
                  "solution_index": 0,
                  "rvec": [
                    2.4237985042090395,
                    0.003712164564238547,
                    -1.0542060194231446
                  ],
                  "tvec": [
                    -0.15933648303808537,
                    -0.05004601982105928,
                    0.6493431816757227
                  ],
                  "reproj_error_mean_px": 0.016343303145632843,
                  "reproj_error_max_px": 0.02464468764638573,
                  "T_cam_cube_4x4": [
                    [
                      0.7011952797957095,
                      0.19309632784689618,
                      -0.6863228014311205,
                      -0.15933648303808537
                    ],
                    [
                      -0.18825811673134185,
                      -0.8783173138713617,
                      -0.43945145083224435,
                      -0.05004601982105928
                    ],
                    [
                      -0.6876656608243468,
                      0.4373471210901473,
                      -0.5795200036212507,
                      0.6493431816757227
                    ],
                    [
                      0.0,
                      0.0,
                      0.0,
                      1.0
                    ]
                  ],
                  "z_ok": true,
                  "vis_ok": true,
                  "vis_score": 0.519335428492443,
                  "visibility_tier": 0,
                  "depth_valid": false,
                  "depth_num_samples": 0,
                  "depth_num_markers": 0,
                  "depth_support_marker_ids": [],
                  "depth_plane_mean_mm": null,
                  "depth_plane_median_mm": null,
                  "depth_plane_max_mm": null,
                  "depth_z_mean_mm": null,
                  "depth_z_median_mm": null,
                  "depth_inlier_ratio": null
                },
                {
                  "solution_index": 1,
                  "rvec": [
                    1.7543397921480561,
                    0.978297064559867,
                    -2.3607115622746693
                  ],
                  "tvec": [
                    -0.1289089580661801,
                    -0.06477109710854942,
                    0.6546464412250025
                  ],
                  "reproj_error_mean_px": 0.6476730712937894,
                  "reproj_error_max_px": 0.9372625784013071,
                  "T_cam_cube_4x4": [
                    [
                      -0.35872865300803014,
                      0.3890568952048298,
                      -0.8484977818501489,
                      -0.1289089580661801
                    ],
                    [
                      0.3251637532260264,
                      -0.7999794435403007,
                      -0.5042830787374437,
                      -0.06477109710854942
                    ],
                    [
                      -0.8749755922875841,
                      -0.45680151292057813,
                      0.1604683479520589,
                      0.6546464412250025
                    ],
                    [
                      0.0,
                      0.0,
                      0.0,
                      1.0
                    ]
                  ],
                  "z_ok": true,
                  "vis_ok": true,
                  "vis_score": 0.5181175337979215,
                  "visibility_tier": 0,
                  "depth_valid": false,
                  "depth_num_samples": 0,
                  "depth_num_markers": 0,
                  "depth_support_marker_ids": [],
                  "depth_plane_mean_mm": null,
                  "depth_plane_median_mm": null,
                  "depth_plane_max_mm": null,
                  "depth_z_mean_mm": null,
                  "depth_z_median_mm": null,
                  "depth_inlier_ratio": null
                }
              ],
              "depth_valid": false,
              "depth_num_samples": 0,
              "depth_num_markers": 0,
              "depth_support_marker_ids": [],
              "depth_plane_mean_mm": null,
              "depth_plane_median_mm": null,
              "depth_plane_max_mm": null,
              "depth_z_mean_mm": null,
              "depth_z_median_mm": null,
              "depth_inlier_ratio": null
            },
            {
              "marker_id": 5,
              "face": "-Y",
              "corners_2d": [
                [
                  162.0,
                  213.0
                ],
                [
                  136.0,
                  224.0
                ],
                [
                  153.0,
                  184.0
                ],
                [
                  178.0,
                  173.0
                ]
              ],
              "aspect_ratio": 0.6552999950503904,
              "rvec": [
                0.9699383316739604,
                0.5870299024896064,
                -0.5381109226217186
              ],
              "tvec": [
                -0.16027395765709937,
                -0.05082592180638232,
                0.6471623731013264
              ],
              "reproj_error_mean_px": 0.3539914046251218,
              "reproj_error_max_px": 0.5320548728118241,
              "T_cam_cube_4x4": [
                [
                  0.7224077477236672,
                  0.6568106547251005,
                  0.21616384958730492,
                  -0.16027395765709937
                ],
                [
                  -0.1583421518275958,
                  0.461445275749201,
                  -0.8729238342738443,
                  -0.05082592180638232
                ],
                [
                  -0.6730934622943716,
                  0.5963790919610852,
                  0.4373524547641714,
                  0.6471623731013264
                ],
                [
                  0.0,
                  0.0,
                  0.0,
                  1.0
                ]
              ],
              "selected_solution_index": 0,
              "pose_candidates": [
                {
                  "solution_index": 0,
                  "rvec": [
                    0.9699383316739604,
                    0.5870299024896064,
                    -0.5381109226217186
                  ],
                  "tvec": [
                    -0.16027395765709937,
                    -0.05082592180638232,
                    0.6471623731013264
                  ],
                  "reproj_error_mean_px": 0.3539914046251218,
                  "reproj_error_max_px": 0.5320548728118241,
                  "T_cam_cube_4x4": [
                    [
                      0.7224077477236672,
                      0.6568106547251005,
                      0.21616384958730492,
                      -0.16027395765709937
                    ],
                    [
                      -0.1583421518275958,
                      0.461445275749201,
                      -0.8729238342738443,
                      -0.05082592180638232
                    ],
                    [
                      -0.6730934622943716,
                      0.5963790919610852,
                      0.4373524547641714,
                      0.6471623731013264
                    ],
                    [
                      0.0,
                      0.0,
                      0.0,
                      1.0
                    ]
                  ],
                  "z_ok": true,
                  "vis_ok": true,
                  "vis_score": 0.22773108385402646,
                  "visibility_tier": 0,
                  "depth_valid": false,
                  "depth_num_samples": 0,
                  "depth_num_markers": 0,
                  "depth_support_marker_ids": [],
                  "depth_plane_mean_mm": null,
                  "depth_plane_median_mm": null,
                  "depth_plane_max_mm": null,
                  "depth_z_mean_mm": null,
                  "depth_z_median_mm": null,
                  "depth_inlier_ratio": null
                },
                {
                  "solution_index": 1,
                  "rvec": [
                    1.9872989073824767,
                    -1.0461090654704936,
                    1.2277345084671896
                  ],
                  "tvec": [
                    -0.20378146400020136,
                    -0.07958444485477213,
                    0.6306278660889987
                  ],
                  "reproj_error_mean_px": 0.4753452932005506,
                  "reproj_error_max_px": 0.6968645488671882,
                  "T_cam_cube_4x4": [
                    [
                      0.27112401227673955,
                      -0.8461402410520052,
                      0.4588447040551048,
                      -0.20378146400020136
                    ],
                    [
                      -0.3187112339715531,
                      -0.5287258125757095,
                      -0.7866842851210933,
                      -0.07958444485477213
                    ],
                    [
                      0.9082482696417825,
                      0.06705003794637499,
                      -0.4130246640384779,
                      0.6306278660889987
                    ],
                    [
                      0.0,
                      0.0,
                      0.0,
                      1.0
                    ]
                  ],
                  "z_ok": true,
                  "vis_ok": true,
                  "vis_score": 0.22728966969636857,
                  "visibility_tier": 0,
                  "depth_valid": false,
                  "depth_num_samples": 0,
                  "depth_num_markers": 0,
                  "depth_support_marker_ids": [],
                  "depth_plane_mean_mm": null,
                  "depth_plane_median_mm": null,
                  "depth_plane_max_mm": null,
                  "depth_z_mean_mm": null,
                  "depth_z_median_mm": null,
                  "depth_inlier_ratio": null
                }
              ],
              "depth_valid": false,
              "depth_num_samples": 0,
              "depth_num_markers": 0,
              "depth_support_marker_ids": [],
              "depth_plane_mean_mm": null,
              "depth_plane_median_mm": null,
              "depth_plane_max_mm": null,
              "depth_z_mean_mm": null,
              "depth_z_median_mm": null,
              "depth_inlier_ratio": null
            }
          ],
          "cube_detect_raw_ids": [
            2,
            5
          ],
          "cube_detect_filtered_ids": [
            2,
            5
          ],
          "board_mask_applied": false
        },
        "1": {
          "saved": true,
          "is_gripper": false,
          "rgb_path": "cam1/rgb_00000.jpg",
          "depth_path": "cam1/depth_00000.png",
          "ts_ms": 1783075226394.2102,
          "n_markers_detected": 2,
          "marker_ids": [
            4,
            5
          ],
          "cube_visible": true,
          "markers": [
            {
              "marker_id": 4,
              "face": "-X",
              "corners_2d": [
                [
                  337.0,
                  261.0
                ],
                [
                  272.0,
                  299.0
                ],
                [
                  223.0,
                  235.0
                ],
                [
                  287.0,
                  193.0
                ]
              ],
              "aspect_ratio": 0.8920542526542249,
              "rvec": [
                2.286655404971229,
                -0.9563235359780153,
                1.6631441657145545
              ],
              "tvec": [
                -0.02025516785271596,
                -0.013098082078306168,
                0.3888462632958694
              ],
              "reproj_error_mean_px": 0.17167433051045577,
              "reproj_error_max_px": 0.25977472717830763,
              "T_cam_cube_4x4": [
                [
                  0.17883409754011048,
                  -0.5748576184799914,
                  0.7984717177411652,
                  -0.02025516785271596
                ],
                [
                  -0.4009123955848927,
                  -0.7836997918955279,
                  -0.4744300657096775,
                  -0.013098082078306168
                ],
                [
                  0.8984918567373869,
                  -0.2352729365193094,
                  -0.3706197899710487,
                  0.3888462632958694
                ],
                [
                  0.0,
                  0.0,
                  0.0,
                  1.0
                ]
              ],
              "selected_solution_index": 0,
              "pose_candidates": [
                {
                  "solution_index": 0,
                  "rvec": [
                    2.286655404971229,
                    -0.9563235359780153,
                    1.6631441657145545
                  ],
                  "tvec": [
                    -0.02025516785271596,
                    -0.013098082078306168,
                    0.3888462632958694
                  ],
                  "reproj_error_mean_px": 0.17167433051045577,
                  "reproj_error_max_px": 0.25977472717830763,
                  "T_cam_cube_4x4": [
                    [
                      0.17883409754011048,
                      -0.5748576184799914,
                      0.7984717177411652,
                      -0.02025516785271596
                    ],
                    [
                      -0.4009123955848927,
                      -0.7836997918955279,
                      -0.4744300657096775,
                      -0.013098082078306168
                    ],
                    [
                      0.8984918567373869,
                      -0.2352729365193094,
                      -0.3706197899710487,
                      0.3888462632958694
                    ],
                    [
                      0.0,
                      0.0,
                      0.0,
                      1.0
                    ]
                  ],
                  "z_ok": true,
                  "vis_ok": true,
                  "vis_score": 0.3215040698938963,
                  "visibility_tier": 0,
                  "depth_valid": false,
                  "depth_num_samples": 0,
                  "depth_num_markers": 0,
                  "depth_support_marker_ids": [],
                  "depth_plane_mean_mm": null,
                  "depth_plane_median_mm": null,
                  "depth_plane_max_mm": null,
                  "depth_z_mean_mm": null,
                  "depth_z_median_mm": null,
                  "depth_inlier_ratio": null
                },
                {
                  "solution_index": 1,
                  "rvec": [
                    1.318332473405057,
                    -0.27246762195025515,
                    2.116290440741967
                  ],
                  "tvec": [
                    -0.033815818276918666,
                    0.00915903529697007,
                    0.3878451581046447
                  ],
                  "reproj_error_mean_px": 1.720764965700143,
                  "reproj_error_max_px": 2.54133280640949,
                  "T_cam_cube_4x4": [
                    [
                      -0.30705965374478433,
                      -0.6025457760704669,
                      0.7366498196441591,
                      -0.033815818276918666
                    ],
                    [
                      0.3963048401737942,
                      -0.7846947161844516,
                      -0.47665152475055234,
                      0.00915903529697007
                    ],
                    [
                      0.8652495840489938,
                      0.1455774368913047,
                      0.47973989532996075,
                      0.3878451581046447
                    ],
                    [
                      0.0,
                      0.0,
                      0.0,
                      1.0
                    ]
                  ],
                  "z_ok": true,
                  "vis_ok": true,
                  "vis_score": 0.320096105195859,
                  "visibility_tier": 0,
                  "depth_valid": false,
                  "depth_num_samples": 0,
                  "depth_num_markers": 0,
                  "depth_support_marker_ids": [],
                  "depth_plane_mean_mm": null,
                  "depth_plane_median_mm": null,
                  "depth_plane_max_mm": null,
                  "depth_z_mean_mm": null,
                  "depth_z_median_mm": null,
                  "depth_inlier_ratio": null
                }
              ],
              "depth_valid": false,
              "depth_num_samples": 0,
              "depth_num_markers": 0,
              "depth_support_marker_ids": [],
              "depth_plane_mean_mm": null,
              "depth_plane_median_mm": null,
              "depth_plane_max_mm": null,
              "depth_z_mean_mm": null,
              "depth_z_median_mm": null,
              "depth_inlier_ratio": null
            },
            {
              "marker_id": 5,
              "face": "-Y",
              "corners_2d": [
                [
                  357.0,
                  224.0
                ],
                [
                  345.0,
                  254.0
                ],
                [
                  296.0,
                  187.0
                ],
                [
                  312.0,
                  163.0
                ]
              ],
              "aspect_ratio": 0.4262529844611546,
              "rvec": [
                1.111145012079904,
                -1.433570314185834,
                0.37550087578031693
              ],
              "tvec": [
                -0.020153129062443372,
                -0.01347830268984608,
                0.3903611548016834
              ],
              "reproj_error_mean_px": 0.39959543987391816,
              "reproj_error_max_px": 0.6304970172958397,
              "T_cam_cube_4x4": [
                [
                  0.18208740194523942,
                  -0.7880054080018635,
                  -0.5881255435811723,
                  -0.020153129062443372
                ],
                [
                  -0.39849973870889643,
                  0.48766267701502086,
                  -0.7767773630168973,
                  -0.01347830268984608
                ],
                [
                  0.8989116398744506,
                  0.37580924736674587,
                  -0.22522271930661436,
                  0.3903611548016834
                ],
                [
                  0.0,
                  0.0,
                  0.0,
                  1.0
                ]
              ],
              "selected_solution_index": 0,
              "pose_candidates": [
                {
                  "solution_index": 0,
                  "rvec": [
                    1.111145012079904,
                    -1.433570314185834,
                    0.37550087578031693
                  ],
                  "tvec": [
                    -0.020153129062443372,
                    -0.01347830268984608,
                    0.3903611548016834
                  ],
                  "reproj_error_mean_px": 0.39959543987391816,
                  "reproj_error_max_px": 0.6304970172958397,
                  "T_cam_cube_4x4": [
                    [
                      0.18208740194523942,
                      -0.7880054080018635,
                      -0.5881255435811723,
                      -0.020153129062443372
                    ],
                    [
                      -0.39849973870889643,
                      0.48766267701502086,
                      -0.7767773630168973,
                      -0.01347830268984608
                    ],
                    [
                      0.8989116398744506,
                      0.37580924736674587,
                      -0.22522271930661436,
                      0.3903611548016834
                    ],
                    [
                      0.0,
                      0.0,
                      0.0,
                      1.0
                    ]
                  ],
                  "z_ok": true,
                  "vis_ok": true,
                  "vis_score": 0.1265092413051237,
                  "visibility_tier": 0,
                  "depth_valid": false,
                  "depth_num_samples": 0,
                  "depth_num_markers": 0,
                  "depth_support_marker_ids": [],
                  "depth_plane_mean_mm": null,
                  "depth_plane_median_mm": null,
                  "depth_plane_max_mm": null,
                  "depth_z_mean_mm": null,
                  "depth_z_median_mm": null,
                  "depth_inlier_ratio": null
                },
                {
                  "solution_index": 1,
                  "rvec": [
                    1.5657405133376405,
                    0.523853068925609,
                    -1.520794729227434
                  ],
                  "tvec": [
                    0.02557766535161831,
                    -0.042828679715699244,
                    0.38427943781713125
                  ],
                  "reproj_error_mean_px": 3.1017321098272808,
                  "reproj_error_max_px": 4.8590179470490265,
                  "T_cam_cube_4x4": [
                    [
                      0.16610234166360793,
                      0.7937471614970256,
                      -0.5851285804925961,
                      0.02557766535161831
                    ],
                    [
                      -0.2650152271307785,
                      -0.5356096442081562,
                      -0.8018037405874545,
                      -0.042828679715699244
                    ],
                    [
                      -0.9498299539826525,
                      0.2882494625261718,
                      0.12138906816795814,
                      0.38427943781713125
                    ],
                    [
                      0.0,
                      0.0,
                      0.0,
                      1.0
                    ]
                  ],
                  "z_ok": true,
                  "vis_ok": true,
                  "vis_score": 0.12450999458552162,
                  "visibility_tier": 0,
                  "depth_valid": false,
                  "depth_num_samples": 0,
                  "depth_num_markers": 0,
                  "depth_support_marker_ids": [],
                  "depth_plane_mean_mm": null,
                  "depth_plane_median_mm": null,
                  "depth_plane_max_mm": null,
                  "depth_z_mean_mm": null,
                  "depth_z_median_mm": null,
                  "depth_inlier_ratio": null
                }
              ],
              "depth_valid": false,
              "depth_num_samples": 0,
              "depth_num_markers": 0,
              "depth_support_marker_ids": [],
              "depth_plane_mean_mm": null,
              "depth_plane_median_mm": null,
              "depth_plane_max_mm": null,
              "depth_z_mean_mm": null,
              "depth_z_median_mm": null,
              "depth_inlier_ratio": null
            }
          ],
          "cube_detect_raw_ids": [
            4,
            5
          ],
          "cube_detect_filtered_ids": [
            4,
            5
          ],
          "board_mask_applied": false
        },
        "2": {
          "saved": true,
          "is_gripper": true,
          "rgb_path": "cam2/rgb_00000.jpg",
          "depth_path": "cam2/depth_00000.png",
          "ts_ms": 1783075226385.3777,
          "n_markers_detected": 0,
          "marker_ids": [],
          "cube_visible": false,
          "markers": [],
          "cube_detect_raw_ids": [],
          "cube_detect_filtered_ids": [],
          "board_mask_applied": false,
          "charuco_detect_n": 0
        },
        "3": {
          "saved": true,
          "is_gripper": false,
          "rgb_path": "cam3/rgb_00000.jpg",
          "depth_path": "cam3/depth_00000.png",
          "ts_ms": 1783075226398.947,
          "n_markers_detected": 2,
          "marker_ids": [
            3,
            2
          ],
          "cube_visible": true,
          "markers": [
            {
              "marker_id": 3,
              "face": "+Y",
              "corners_2d": [
                [
                  485.0,
                  221.0
                ],
                [
                  449.0,
                  213.0
                ],
                [
                  473.0,
                  181.0
                ],
                [
                  510.0,
                  190.0
                ]
              ],
              "aspect_ratio": 0.9260146378546859,
              "rvec": [
                -0.7679524865541619,
                -0.42766756219990376,
                0.020720082890241874
              ],
              "tvec": [
                0.17594365457107664,
                -0.06360904736962487,
                0.7193920341425483
              ],
              "reproj_error_mean_px": 0.04382201182846284,
              "reproj_error_max_px": 0.06587346820362149,
              "T_cam_cube_4x4": [
                [
                  0.9140908011752842,
                  0.1357521629455364,
                  -0.38211170809376627,
                  0.17594365457107664
                ],
                [
                  0.17205553398861376,
                  0.7234373304880164,
                  0.6686070012198988,
                  -0.06360904736962487
                ],
                [
                  0.36719872062770054,
                  -0.6769119433958757,
                  0.6379304981401961,
                  0.7193920341425483
                ],
                [
                  0.0,
                  0.0,
                  0.0,
                  1.0
                ]
              ],
              "selected_solution_index": 0,
              "pose_candidates": [
                {
                  "solution_index": 0,
                  "rvec": [
                    -0.7679524865541619,
                    -0.42766756219990376,
                    0.020720082890241874
                  ],
                  "tvec": [
                    0.17594365457107664,
                    -0.06360904736962487,
                    0.7193920341425483
                  ],
                  "reproj_error_mean_px": 0.04382201182846284,
                  "reproj_error_max_px": 0.06587346820362149,
                  "T_cam_cube_4x4": [
                    [
                      0.9140908011752842,
                      0.1357521629455364,
                      -0.38211170809376627,
                      0.17594365457107664
                    ],
                    [
                      0.17205553398861376,
                      0.7234373304880164,
                      0.6686070012198988,
                      -0.06360904736962487
                    ],
                    [
                      0.36719872062770054,
                      -0.6769119433958757,
                      0.6379304981401961,
                      0.7193920341425483
                    ],
                    [
                      0.0,
                      0.0,
                      0.0,
                      1.0
                    ]
                  ],
                  "z_ok": true,
                  "vis_ok": true,
                  "vis_score": 0.479597487653866,
                  "visibility_tier": 0,
                  "depth_valid": false,
                  "depth_num_samples": 0,
                  "depth_num_markers": 0,
                  "depth_support_marker_ids": [],
                  "depth_plane_mean_mm": null,
                  "depth_plane_median_mm": null,
                  "depth_plane_max_mm": null,
                  "depth_z_mean_mm": null,
                  "depth_z_median_mm": null,
                  "depth_inlier_ratio": null
                },
                {
                  "solution_index": 1,
                  "rvec": [
                    -2.0114812580001726,
                    0.17760004086369066,
                    1.067938384705963
                  ],
                  "tvec": [
                    0.19293349311378763,
                    -0.0239707194668272,
                    0.7156896557078883
                  ],
                  "reproj_error_mean_px": 0.5223382023760555,
                  "reproj_error_max_px": 0.7602312247224086,
                  "T_cam_cube_4x4": [
                    [
                      0.6283837156039208,
                      -0.46673676438121425,
                      -0.6223268423736563,
                      0.19293349311378763
                    ],
                    [
                      0.24019748672561445,
                      -0.6444965614041799,
                      0.7258989941506232,
                      -0.0239707194668272
                    ],
                    [
                      -0.7398912577767824,
                      -0.6056244505575573,
                      -0.29288214618229613,
                      0.7156896557078883
                    ],
                    [
                      0.0,
                      0.0,
                      0.0,
                      1.0
                    ]
                  ],
                  "z_ok": true,
                  "vis_ok": true,
                  "vis_score": 0.4785392625532788,
                  "visibility_tier": 0,
                  "depth_valid": false,
                  "depth_num_samples": 0,
                  "depth_num_markers": 0,
                  "depth_support_marker_ids": [],
                  "depth_plane_mean_mm": null,
                  "depth_plane_median_mm": null,
                  "depth_plane_max_mm": null,
                  "depth_z_mean_mm": null,
                  "depth_z_median_mm": null,
                  "depth_inlier_ratio": null
                }
              ],
              "depth_valid": false,
              "depth_num_samples": 0,
              "depth_num_markers": 0,
              "depth_support_marker_ids": [],
              "depth_plane_mean_mm": null,
              "depth_plane_median_mm": null,
              "depth_plane_max_mm": null,
              "depth_z_mean_mm": null,
              "depth_z_median_mm": null,
              "depth_inlier_ratio": null
            },
            {
              "marker_id": 2,
              "face": "+X",
              "corners_2d": [
                [
                  445.0,
                  209.0
                ],
                [
                  434.0,
                  181.0
                ],
                [
                  456.0,
                  149.0
                ],
                [
                  468.0,
                  178.0
                ]
              ],
              "aspect_ratio": 0.7793474955790874,
              "rvec": [
                0.3873556600203901,
                1.089868792316364,
                -2.58553818766265
              ],
              "tvec": [
                0.17802279436371835,
                -0.066274369323958,
                0.7289324031073303
              ],
              "reproj_error_mean_px": 0.2206116196106638,
              "reproj_error_max_px": 0.332716692016759,
              "T_cam_cube_4x4": [
                [
                  -0.9160820542045505,
                  0.3804512775229096,
                  -0.126690549748421,
                  0.17802279436371835
                ],
                [
                  -0.17495791143421408,
                  -0.6635103921259857,
                  -0.7274226342143874,
                  -0.066274369323958
                ],
                [
                  -0.3608093668281753,
                  -0.644213307043565,
                  0.6743929239227264,
                  0.7289324031073303
                ],
                [
                  0.0,
                  0.0,
                  0.0,
                  1.0
                ]
              ],
              "selected_solution_index": 0,
              "pose_candidates": [
                {
                  "solution_index": 0,
                  "rvec": [
                    0.3873556600203901,
                    1.089868792316364,
                    -2.58553818766265
                  ],
                  "tvec": [
                    0.17802279436371835,
                    -0.066274369323958,
                    0.7289324031073303
                  ],
                  "reproj_error_mean_px": 0.2206116196106638,
                  "reproj_error_max_px": 0.332716692016759,
                  "T_cam_cube_4x4": [
                    [
                      -0.9160820542045505,
                      0.3804512775229096,
                      -0.126690549748421,
                      0.17802279436371835
                    ],
                    [
                      -0.17495791143421408,
                      -0.6635103921259857,
                      -0.7274226342143874,
                      -0.066274369323958
                    ],
                    [
                      -0.3608093668281753,
                      -0.644213307043565,
                      0.6743929239227264,
                      0.7289324031073303
                    ],
                    [
                      0.0,
                      0.0,
                      0.0,
                      1.0
                    ]
                  ],
                  "z_ok": true,
                  "vis_ok": true,
                  "vis_score": 0.384993900742721,
